335 505
713 950
182 505
626 101
231 584
924 643
57 512
683 169
908 223
523 179
600 963
428 283
730 663
2 53
43 12
946 819
537 207
755 522
522 354
492 113
868 903
463 976
106 48
400 142
998 365
818 48
477 695
90 774
197 975
488 578
230 383
446 896
926 131
216 356
812 234
22 674
241 964
991 77
992 720
99 198
334 381
205 484
658 46
786 296
937 107
168 137
648 737
138 257
924 272
810 132
500 561
594 925
411 481
46 797
355 749
632 925
418 120
128 51
927 656
311 693
762 635
971 116
26 693
847 610
439 578
759 946
86 480
774 270
310 924
668 570
739 537
634 451
813 778
947 426
864 829
249 185
3 130
200 85
725 524
531 895
588 985
892 26
233 223
216 351
139 39
917 662
710 279
422 109
824 156
469 664
89 250
105 70
620 55
992 609
100 669
957 85
143 910
274 992
150 669
121 64
